23,17.386261,10.740767,0.617773,0.000000,1.000000,inf,-nan,0.000000,0.000000,-nan
23,9.689493,5.994508,0.618661,23058.000000,218.000000,0.009454,0.574894,0.696553,0.000000,0.000000
23,32.294498,28.527731,0.883362,0.000000,2.000000,inf,0.000000,0.000000,0.000000,-nan
23,2.595541,1.416801,0.545860,822.000000,57.000000,0.069343,0.864865,0.502992,0.000000,0.000000
23,2.465241,1.290285,0.523391,801.000000,74.000000,0.092385,0.973684,0.382459,0.000000,0.000000
23,2.429479,1.245493,0.512658,673.000000,65.000000,0.096582,0.970588,0.399111,0.000000,0.000000
23,4.685979,2.783119,0.593925,2716.000000,86.000000,0.031664,0.638889,0.605991,0.000000,0.000000
23,4.565836,2.668028,0.584346,3398.000000,105.000000,0.030901,0.826667,0.555165,0.000000,0.000000
23,4.713376,2.782454,0.590331,1.000000,5.000000,5.000000,0.333333,0.200000,0.000000,0.000000
23,4.278337,2.462084,0.575477,2845.000000,69.000000,0.024253,0.657534,0.773022,0.000000,0.000000
23,11.093137,7.449579,0.671548,896.000000,4.000000,0.004464,0.875000,7.483315,0.000000,0.000000
23,2.886475,1.649703,0.571529,2644.000000,85.000000,0.032148,0.964664,0.604939,1.000000,0.531770
23,1.944844,0.864614,0.444567,146.000000,23.000000,0.157534,0.809524,0.525350,0.000000,0.000000
23,9.797301,8.433565,0.860805,128168.000000,194.000000,0.001514,0.921417,1.845390,1.000000,0.655288
23,19.071787,12.114015,0.635180,43815.000000,542.000000,0.012370,0.501645,0.386200,0.000000,0.000000
23,6.024146,3.542329,0.588022,3693.000000,146.000000,0.039534,0.726411,0.416233,0.000000,0.000000
23,6.154983,3.641037,0.591559,3796.000000,132.000000,0.034773,0.747513,0.466755,0.000000,0.000000
23,5.430469,3.340660,0.615170,2406.000000,91.000000,0.037822,0.819009,0.539022,0.000000,0.000000
23,4.586502,2.900878,0.632482,12924.000000,359.000000,0.027778,0.794329,0.316668,1.000000,0.496982
23,5.312174,3.174768,0.597640,0.000000,1.000000,inf,-nan,0.000000,0.000000,-nan
23,4.930914,3.791157,0.768855,7793.000000,74.000000,0.009496,0.836164,1.192946,1.000000,0.395740
23,9.382859,6.581377,0.701426,8554.000000,49.000000,0.005728,0.796296,1.887507,0.000000,0.000000
23,25.570269,19.533966,0.763933,17545.000000,4.000000,0.000228,0.834483,33.114385,2.000000,0.012995
23,3.240260,2.456695,0.758178,271.000000,42.000000,0.154982,0.772727,0.391954,0.000000,0.000000
23,5.783024,4.196136,0.725596,1776.000000,56.000000,0.031532,0.578125,0.752547,2.000000,0.095721
23,2.657431,1.446566,0.544348,0.000000,2.000000,inf,0.000000,0.000000,0.000000,-nan
23,4.515625,3.476823,0.769954,29.000000,13.000000,0.448276,0.600000,0.414243,0.000000,0.000000
23,3.885292,2.324532,0.598290,1289.000000,66.000000,0.051202,0.660000,0.543979,0.000000,0.000000
23,1.619277,0.717838,0.443308,31.000000,20.000000,0.645161,0.300000,0.278388,0.000000,0.000000
23,4.901595,2.757681,0.562609,3469.000000,169.000000,0.048717,0.659341,0.348510,0.000000,0.000000
23,3.073620,2.317070,0.753857,361.000000,4.000000,0.011080,1.000000,4.750000,1.000000,0.423823
23,14.302325,9.738523,0.680905,1558.000000,4.000000,0.002567,0.926829,9.867877,0.000000,0.000000
23,28.851852,19.977217,0.692407,6952.000000,4.000000,0.000575,0.897727,20.844664,0.000000,0.000000
23,7.915692,7.567642,0.956030,1936.000000,4.000000,0.002066,1.000000,11.000000,1.000000,0.012913
23,3.442604,2.804575,0.814667,1840.000000,4.000000,0.002174,0.869565,10.723805,4.000000,0.182065
23,5.533577,3.676054,0.664318,2058.000000,4.000000,0.001944,0.857143,11.341296,0.000000,0.000000
23,7.500000,5.553527,0.740470,2549.000000,8.000000,0.003138,0.758621,6.310953,1.000000,0.034523
23,17.787037,12.196729,0.685709,2496.000000,4.000000,0.001603,0.923077,12.489996,0.000000,0.000000
23,11.308106,6.409852,0.566837,2585.000000,4.000000,0.001547,0.854545,12.710724,0.000000,0.000000
23,1.142857,0.349927,0.306186,3.000000,5.000000,1.666667,0.400000,0.346410,0.000000,0.000000
23,4.410945,3.333425,0.755717,2460.000000,4.000000,0.001626,0.683333,12.399597,2.000000,0.321951
23,14.962264,9.982933,0.667207,1836.000000,4.000000,0.002179,0.705882,10.712143,0.000000,0.000000
23,14.267974,9.487182,0.664928,1666.000000,4.000000,0.002401,0.693878,10.204166,0.000000,0.000000
23,4.977674,3.124361,0.627675,0.000000,2.000000,inf,0.000000,0.000000,0.000000,-nan
23,4.058733,3.112731,0.766922,8036.000000,4.000000,0.000498,0.836735,22.410935,1.000000,0.594574
23,10.285771,6.121820,0.595174,17019.000000,285.000000,0.016746,0.747619,0.457743,0.000000,0.000000
23,5.773619,3.354747,0.581048,3645.000000,147.000000,0.040329,0.686047,0.410706,0.000000,0.000000
23,12.499880,7.505949,0.600482,24419.000000,412.000000,0.016872,0.703572,0.379286,0.000000,0.000000
23,12.025636,8.965586,0.745539,15580.000000,115.000000,0.007381,0.526012,1.085390,4.000000,0.010398
23,9.577424,6.455013,0.673982,0.000000,2.000000,inf,0.000000,0.000000,0.000000,-nan
23,2.047170,1.449672,0.708135,0.000000,4.000000,inf,0.400000,0.000000,0.000000,-nan
23,1.860140,0.993696,0.534205,1.000000,4.000000,4.000000,1.000000,0.250000,0.000000,0.000000
23,11.526316,7.235646,0.627750,1320.000000,4.000000,0.003030,0.436364,9.082951,0.000000,0.000000
23,13.560345,8.752624,0.645457,1680.000000,4.000000,0.002381,0.535714,10.246951,0.000000,0.000000
23,3.464026,1.875976,0.541559,4385.000000,232.000000,0.052908,0.715517,0.285428,0.000000,0.000000
23,3.212989,1.748111,0.544076,0.000000,1.000000,inf,-nan,0.000000,0.000000,-nan
23,2.211268,1.071380,0.484509,1.000000,3.000000,3.000000,1.000000,0.333333,0.000000,0.000000
23,1.454545,0.595723,0.409559,0.000000,1.000000,inf,-nan,0.000000,0.000000,-nan
23,3.578704,2.829514,0.790653,0.000000,2.000000,inf,0.000000,0.000000,0.000000,-nan
23,9.323176,7.183525,0.770502,141.000000,16.000000,0.113475,0.050000,0.742146,0.000000,0.000000
23,5.836626,4.240319,0.726502,223.000000,21.000000,0.094170,0.078125,0.711104,0.000000,0.000000
23,4.209316,3.333298,0.791886,11.000000,5.000000,0.454545,0.045455,0.663325,0.000000,0.000000
23,7.723465,4.768252,0.617372,0.000000,2.000000,inf,0.000000,0.000000,0.000000,-nan
23,5.924467,4.071305,0.687202,31698.000000,71.000000,0.002240,0.806763,2.507596,3.000000,0.534355
23,1.595855,0.856177,0.536501,665.000000,112.000000,0.168421,0.637869,0.230246,4.000000,0.145865
23,12.918762,7.689566,0.595225,25421.000000,378.000000,0.014870,0.724299,0.421798,0.000000,0.000000
23,5.150489,4.200837,0.815619,3893.000000,7.000000,0.001798,0.893939,8.913416,1.000000,0.421526
23,1.033333,0.179505,0.173715,0.000000,1.000000,inf,-nan,0.000000,0.000000,-nan
23,6.160160,6.085381,0.987861,4542.000000,160.000000,0.035227,0.683824,0.421215,0.000000,0.000000
23,3.522655,2.012873,0.571408,0.000000,1.000000,inf,-nan,0.000000,0.000000,-nan
23,6.435741,3.851067,0.598388,23.000000,10.000000,0.434783,0.022727,0.479583,0.000000,0.000000
23,6.306758,5.813418,0.921776,9072.000000,4.000000,0.000441,0.777778,23.811762,6.000000,0.287919
23,5.397199,4.479024,0.829879,0.000000,1.000000,inf,-nan,0.000000,0.000000,-nan
23,3.800319,2.362527,0.621665,571.000000,36.000000,0.063047,0.758621,0.663767,1.000000,0.010508
23,8.196063,4.945239,0.603368,14.000000,7.000000,0.500000,0.125000,0.534522,0.000000,0.000000
23,4.273031,2.483881,0.581292,3415.000000,126.000000,0.036896,0.881586,0.463794,0.000000,0.000000
23,6.130382,3.543343,0.577997,7023.000000,240.000000,0.034173,0.904397,0.349181,0.000000,0.000000
23,2.304462,1.189060,0.515982,643.000000,57.000000,0.088647,0.750000,0.444867,0.000000,0.000000
23,7.137180,4.172416,0.584603,7039.000000,197.000000,0.027987,0.663934,0.425882,0.000000,0.000000
23,12.867128,8.307834,0.645663,18455.000000,260.000000,0.014088,0.773256,0.522497,0.000000,0.000000
23,5.052443,4.378591,0.866628,2316.000000,45.000000,0.019430,0.960000,1.069441,4.000000,0.173143
23,6.273502,4.206639,0.670541,0.000000,2.000000,inf,0.000000,0.000000,0.000000,-nan
23,2.750623,1.649123,0.599545,1646.000000,38.000000,0.023086,0.693878,1.067656,4.000000,0.119684
23,2.186253,1.108678,0.507114,0.000000,2.000000,inf,0.000000,0.000000,0.000000,-nan
23,6.247943,3.879393,0.620907,6319.000000,74.000000,0.011711,0.560748,1.074218,3.000000,0.025795
23,1.303514,0.602178,0.461965,0.000000,1.000000,inf,-nan,0.000000,0.000000,-nan
23,11.086401,10.071802,0.908483,57.000000,22.000000,0.385965,0.326531,0.343174,0.000000,0.000000
23,10.050503,6.319151,0.628740,12440.000000,277.000000,0.022267,0.860140,0.402653,0.000000,0.000000
23,10.047682,6.320186,0.629019,12440.000000,277.000000,0.022267,0.860140,0.402653,0.000000,0.000000
23,3.620719,2.091441,0.577631,78.000000,14.000000,0.179487,0.137931,0.630840,0.000000,0.000000
23,2.472826,1.262325,0.510479,471.000000,64.000000,0.135881,0.834783,0.339102,0.000000,0.000000
23,5.374972,3.182009,0.592005,0.000000,2.000000,inf,0.000000,0.000000,0.000000,-nan
23,1.939828,0.901664,0.464817,266.000000,59.000000,0.221805,0.616260,0.276432,0.000000,0.000000
23,4.995130,3.011473,0.602882,0.000000,2.000000,inf,0.000000,0.000000,0.000000,-nan
23,1.000000,0.000000,0.000000,0.000000,1.000000,inf,-nan,0.000000,0.000000,-nan
23,3.633681,2.137642,0.588286,3135.000000,315.000000,0.100478,0.953679,0.177749,0.000000,0.000000
23,5.573310,3.444674,0.618066,0.000000,1.000000,inf,-nan,0.000000,0.000000,-nan
23,4.087853,2.379577,0.582109,4.000000,5.000000,1.250000,0.125000,0.400000,0.000000,0.000000
23,7.687119,5.768652,0.750431,214.000000,33.000000,0.154206,0.258065,0.443295,0.000000,0.000000
23,101.300522,71.033241,0.701213,90948.000000,4.000000,0.000044,0.899371,75.393965,0.000000,0.000000
23,5.468600,4.406940,0.805862,46.000000,11.000000,0.239130,0.142857,0.616575,0.000000,0.000000
23,8.500040,5.223866,0.614570,14.000000,7.000000,0.500000,0.500000,0.534522,0.000000,0.000000
23,6.085911,5.166257,0.848888,5325.000000,12.000000,0.002254,0.814815,6.081050,1.000000,0.480188
23,1.990344,1.210955,0.608415,0.000000,1.000000,inf,-nan,0.000000,0.000000,-nan
23,4.070423,3.554149,0.873165,1033.000000,113.000000,0.109390,0.692308,0.284428,0.000000,0.000000
23,2.395684,1.485108,0.619910,18.000000,8.000000,0.444444,0.300000,0.530330,0.000000,0.000000
23,7.761733,4.518024,0.582090,993.000000,6.000000,0.006042,0.939394,5.251984,0.000000,0.000000
23,8.710067,5.200203,0.597034,1361.000000,6.000000,0.004409,0.704545,6.148622,0.000000,0.000000
23,1.302632,0.530303,0.407101,0.000000,3.000000,inf,0.500000,0.000000,0.000000,-nan
23,14.694875,9.560578,0.650606,7396.000000,30.000000,0.004056,0.905494,2.866667,0.000000,0.000000
23,11.563613,7.252431,0.627177,6937.000000,41.000000,0.005910,0.814433,2.031431,0.000000,0.000000
23,13.015645,7.992903,0.614100,13134.000000,106.000000,0.008071,0.618230,1.081167,0.000000,0.000000
23,1.026667,0.161107,0.156923,0.000000,1.000000,inf,-nan,0.000000,0.000000,-nan
23,3.219124,2.225902,0.691462,0.000000,1.000000,inf,-nan,0.000000,0.000000,-nan
23,6.523552,3.710087,0.568722,6710.000000,239.000000,0.035618,0.598302,0.342739,0.000000,0.000000
23,3.714779,2.020818,0.543994,1322.000000,128.000000,0.096823,0.414545,0.284057,0.000000,0.000000
23,4.464036,2.442571,0.547167,2524.000000,155.000000,0.061410,0.593434,0.324125,0.000000,0.000000
23,3.511111,2.015741,0.574103,0.000000,1.000000,inf,-nan,0.000000,0.000000,-nan
23,4.944349,2.742078,0.554588,3273.000000,164.000000,0.050107,0.637707,0.348842,0.000000,0.000000
23,1.770115,0.884535,0.499705,136.000000,46.000000,0.338235,0.777778,0.253520,0.000000,0.000000
23,3.537705,2.457385,0.694627,0.000000,2.000000,inf,0.000000,0.000000,0.000000,-nan
23,2.873984,1.890384,0.657757,5.000000,7.000000,1.400000,0.400000,0.319438,0.000000,0.000000
23,4.375321,3.106177,0.709931,6.000000,10.000000,1.666667,0.266667,0.244949,0.000000,0.000000
23,2.806167,1.999418,0.712508,5.000000,8.000000,1.600000,0.307692,0.279508,0.000000,0.000000
23,1.347826,0.537545,0.398824,98.000000,34.000000,0.346939,1.000000,0.291162,0.000000,0.000000
23,2.447853,1.834079,0.749260,8.000000,8.000000,1.000000,0.428571,0.353553,0.000000,0.000000
23,1.305556,0.480323,0.367907,68.000000,42.000000,0.617647,0.857143,0.196338,0.000000,0.000000
23,4.923077,3.597845,0.730812,1272.000000,103.000000,0.080975,0.457897,0.346263,0.000000,0.000000
23,5.174651,3.178251,0.614196,5298.000000,34.000000,0.006418,0.986667,2.140805,0.000000,0.000000
23,4.169188,2.858301,0.685577,16.000000,20.000000,1.250000,0.200000,0.200000,0.000000,0.000000
23,2.305983,1.205563,0.522798,492.000000,51.000000,0.103659,0.892857,0.434923,0.000000,0.000000
23,5.164206,2.890301,0.559680,5361.000000,196.000000,0.036560,0.946237,0.373566,0.000000,0.000000
23,2.851775,1.409362,0.494205,2579.000000,228.000000,0.088406,0.939759,0.222736,0.000000,0.000000
23,2.745075,1.369208,0.498787,2240.000000,217.000000,0.096875,0.886076,0.218104,0.000000,0.000000
23,1.000000,0.000000,0.000000,1.000000,4.000000,4.000000,1.000000,0.250000,0.000000,0.000000
23,2.116788,1.270471,0.600188,33.000000,10.000000,0.303030,0.266667,0.574456,2.000000,0.121212
23,1.768919,1.053620,0.595629,536.000000,112.000000,0.208955,0.934915,0.206711,1.000000,0.011194
23,1.949848,1.182024,0.606213,0.000000,2.000000,inf,0.000000,0.000000,0.000000,-nan
23,2.656934,2.165100,0.814887,29.000000,10.000000,0.344828,0.187500,0.538516,0.000000,0.000000
23,2.680769,1.769402,0.660035,0.000000,1.000000,inf,-nan,0.000000,0.000000,-nan
23,2.716271,1.802729,0.663678,0.000000,1.000000,inf,-nan,0.000000,0.000000,-nan
23,1.674897,0.723835,0.432167,185.000000,45.000000,0.243243,0.944444,0.302255,0.000000,0.000000
23,4.915907,4.235112,0.861512,4532.000000,20.000000,0.004413,0.658824,3.366007,1.000000,0.550530
23,4.390033,3.848107,0.876555,4465.000000,52.000000,0.011646,0.666667,1.285013,1.000000,0.538634
23,3.108631,1.875226,0.603232,530.000000,65.000000,0.122642,0.692308,0.354180,0.000000,0.000000
23,3.279470,1.891785,0.576857,607.000000,61.000000,0.100494,0.615036,0.403891,0.000000,0.000000
23,30.333334,21.092390,0.695354,7656.000000,4.000000,0.000522,0.988636,21.874643,0.000000,0.000000
01,2.869509,1.423541,0.496092,5752.000000,112.000000,0.019471,0.904762,0.677160,1.000000,0.645515
01,4.346382,3.094337,0.711934,7448.000000,136.000000,0.018260,0.584504,0.634572,1.000000,0.709855
01,13.984940,8.475409,0.606038,103381.000000,519.000000,0.005020,0.623632,0.619517,1.000000,0.525416
01,6.206359,3.363832,0.541998,5961.000000,108.000000,0.018118,0.543860,0.714884,1.000000,0.218420
01,6.291175,3.406469,0.541468,6090.000000,116.000000,0.019048,0.544346,0.672745,1.000000,0.215599
01,1.111111,0.314270,0.282843,114.000000,17.000000,0.149123,0.846154,0.628063,1.000000,0.649123
01,1.041237,0.198838,0.190963,0.000000,1.000000,inf,-nan,0.000000,0.000000,-nan
01,1.281124,0.608907,0.475291,0.000000,2.000000,inf,0.000000,0.000000,0.000000,-nan
01,1.424307,0.759535,0.533266,0.000000,2.000000,inf,0.000000,0.000000,0.000000,-nan
01,11.270463,7.618633,0.675982,1260.000000,4.000000,0.003175,0.972222,8.874120,0.000000,0.000000
01,3.690559,2.604762,0.705791,4678.000000,138.000000,0.029500,0.586265,0.495623,1.000000,0.637452
01,7.953167,5.472167,0.688049,6536.000000,4.000000,0.000612,0.883721,20.211383,2.000000,0.018819
01,5.760898,4.275552,0.742168,0.000000,1.000000,inf,-nan,0.000000,0.000000,-nan
01,5.401660,4.219897,0.781222,1829.000000,15.000000,0.008201,0.869565,2.851121,0.000000,0.000000
01,3.555468,2.296962,0.646036,1199.000000,33.000000,0.027523,0.714286,1.049290,5.000000,0.080901
01,18.378996,12.137256,0.660387,3053.000000,4.000000,0.001310,0.605634,13.813490,0.000000,0.000000
01,18.922077,12.461646,0.658577,3300.000000,4.000000,0.001212,0.586667,14.361407,0.000000,0.000000
01,19.282051,12.717742,0.659564,3420.000000,4.000000,0.001170,0.592105,14.620192,0.000000,0.000000
01,4.474428,2.906868,0.649663,21.000000,12.000000,0.571429,0.484615,0.381881,0.000000,0.000000
01,5.200000,3.059412,0.588348,207.000000,4.000000,0.019324,0.391304,3.596874,0.000000,0.000000
01,6.303030,3.973281,0.630376,260.000000,4.000000,0.015385,0.650000,4.031129,0.000000,0.000000
01,16.000000,10.723805,0.670238,2106.000000,4.000000,0.001899,0.722222,11.472794,0.000000,0.000000
01,13.455358,8.716660,0.647821,1620.000000,4.000000,0.002469,0.555556,10.062306,0.000000,0.000000
01,14.875000,9.942805,0.668424,1800.000000,4.000000,0.002222,0.720000,10.606602,0.000000,0.000000
01,16.979486,11.246406,0.662353,2520.000000,4.000000,0.001587,0.634921,12.549900,0.000000,0.000000
01,1.000000,0.000000,0.000000,2.000000,5.000000,2.500000,0.111111,0.282843,0.000000,0.000000
01,1.012422,0.110761,0.109402,0.000000,2.000000,inf,0.000000,0.000000,0.000000,-nan
01,1.817251,1.451031,0.798476,0.000000,2.000000,inf,0.000000,0.000000,0.000000,-nan
01,3.719365,3.056810,0.821864,254.000000,27.000000,0.106299,0.203039,0.590273,0.000000,0.000000
01,2.783145,2.094196,0.752457,1575.000000,4.000000,0.002540,0.396825,9.921567,1.000000,0.742857
01,1.804878,1.075662,0.595975,12.000000,7.000000,0.583333,0.600000,0.494872,0.000000,0.000000
01,1.811688,0.753946,0.416157,352.000000,20.000000,0.056818,0.448276,0.938083,1.000000,0.298295
01,1.434483,0.495689,0.345552,203.000000,22.000000,0.108374,0.823529,0.647628,1.000000,0.487685
01,1.186667,0.389644,0.328351,116.000000,15.000000,0.129310,0.600000,0.718022,1.000000,0.663793
01,1.237624,0.425627,0.343907,1.000000,4.000000,4.000000,1.000000,0.250000,0.000000,0.000000
01,1.275000,0.446514,0.350207,43.000000,14.000000,0.325581,0.358779,0.468388,0.000000,0.000000
01,1.433155,0.516645,0.360495,197.000000,17.000000,0.086294,0.523810,0.825628,1.000000,0.436548
01,1.370000,0.512933,0.374403,0.000000,2.000000,inf,0.000000,0.000000,0.000000,-nan
01,1.325000,0.468375,0.353490,52.000000,18.000000,0.346154,0.833333,0.400617,0.000000,0.000000
01,1.496774,0.626039,0.418259,12.000000,4.000000,0.333333,0.076923,0.866025,0.000000,0.000000
01,1.196970,0.397709,0.332263,31.000000,19.000000,0.612903,0.692308,0.293040,0.000000,0.000000
01,1.212500,0.409077,0.337383,114.000000,11.000000,0.096491,0.642857,0.970643,1.000000,0.719298
01,1.234694,0.423807,0.343249,0.000000,2.000000,inf,0.000000,0.000000,0.000000,-nan
01,1.481481,0.546845,0.369121,200.000000,18.000000,0.090000,0.523810,0.785674,1.000000,0.420000
01,1.509202,0.568801,0.376889,205.000000,13.000000,0.063415,0.523810,1.101371,1.000000,0.414634
01,1.454545,0.535626,0.368243,200.000000,17.000000,0.085000,0.600000,0.831890,1.000000,0.450000
01,1.852174,1.238818,0.668845,13.000000,9.000000,0.692308,0.363636,0.400617,0.000000,0.000000
01,3.667098,1.847856,0.503901,5861.000000,115.000000,0.019621,0.500000,0.665715,1.000000,0.514759
01,3.460120,1.723615,0.498137,5452.000000,112.000000,0.020543,0.491379,0.659265,1.000000,0.526779
01,2.412500,1.726222,0.715533,44.000000,10.000000,0.227273,0.400000,0.663325,0.000000,0.000000
01,3.078285,2.105649,0.684033,1540.000000,4.000000,0.002597,0.795455,9.810708,1.000000,0.466234
01,7.075443,8.025511,1.134277,10412.000000,77.000000,0.007395,0.661417,1.325185,17.000000,0.286112
01,5.658785,3.218499,0.568762,10877.000000,165.000000,0.015170,0.418374,0.632078,1.000000,0.375287
01,3.774963,2.576263,0.682460,551.000000,48.000000,0.087114,0.300971,0.489029,0.000000,0.000000
01,3.823265,2.193541,0.573735,382.000000,53.000000,0.138743,0.254491,0.368770,0.000000,0.000000
01,3.409049,2.934777,0.860879,252.000000,25.000000,0.099206,0.750000,0.634980,0.000000,0.000000
01,3.670007,2.647516,0.721393,281.000000,35.000000,0.124555,0.317919,0.478944,0.000000,0.000000
01,1.829182,0.786453,0.429948,324.000000,23.000000,0.070988,0.538462,0.782609,1.000000,0.314815
01,1.790441,0.769490,0.429777,318.000000,22.000000,0.069182,0.481481,0.810571,1.000000,0.320755
01,1.852941,0.809224,0.436724,315.000000,24.000000,0.076190,0.560000,0.739510,1.000000,0.307937
01,1.448529,0.526082,0.363184,155.000000,19.000000,0.122581,0.526316,0.655258,1.000000,0.367742
01,1.398230,0.489533,0.350109,78.000000,27.000000,0.346154,0.625000,0.327102,0.000000,0.000000
01,1.586466,0.650365,0.409946,142.000000,11.000000,0.077465,0.421053,1.083307,1.000000,0.408451
01,3.583381,1.919800,0.535751,2513.000000,63.000000,0.025070,0.585714,0.795712,1.000000,0.370076
01,1.884013,0.801074,0.425196,343.000000,19.000000,0.055394,0.518519,0.974750,1.000000,0.250729
01,2.978571,2.424482,0.813975,5.000000,8.000000,1.600000,0.300000,0.279508,0.000000,0.000000
01,2.468085,1.427788,0.578500,1.000000,5.000000,5.000000,0.333333,0.200000,0.000000,0.000000
01,4.878099,2.739860,0.561666,2224.000000,67.000000,0.030126,0.922374,0.703870,1.000000,0.182554
01,2.334375,1.085734,0.465107,975.000000,50.000000,0.051282,0.725000,0.624500,1.000000,0.436923
01,11.192514,11.029855,0.985467,658.000000,39.000000,0.059271,0.374608,0.657731,0.000000,0.000000
01,3.159930,1.555898,0.492384,1530.000000,55.000000,0.035948,0.673077,0.711186,1.000000,0.327451
01,10.000000,6.708204,0.670820,702.000000,4.000000,0.005698,0.962963,6.623821,0.000000,0.000000
01,9.848485,6.485981,0.658577,713.000000,4.000000,0.005610,0.741935,6.675515,0.000000,0.000000
01,9.250000,6.036348,0.652578,630.000000,4.000000,0.006349,0.700000,6.274950,0.000000,0.000000
01,9.408602,6.193539,0.658285,638.000000,4.000000,0.006270,0.758621,6.314665,0.000000,0.000000
01,10.321397,6.528473,0.632518,3203.000000,39.000000,0.012176,0.785034,1.451155,0.000000,0.000000
01,9.513668,5.952220,0.625649,2314.000000,20.000000,0.008643,0.923077,2.405203,0.000000,0.000000
01,2.008265,1.071771,0.533680,0.000000,2.000000,inf,0.000000,0.000000,0.000000,-nan
01,1.569697,0.748528,0.476861,0.000000,2.000000,inf,0.000000,0.000000,0.000000,-nan
01,2.969231,1.617979,0.544915,0.000000,1.000000,inf,-nan,0.000000,0.000000,-nan
01,2.903084,1.718690,0.592022,1.000000,5.000000,5.000000,0.600000,0.200000,0.000000,0.000000
01,2.648734,1.561006,0.589340,0.000000,2.000000,inf,0.000000,0.000000,0.000000,-nan
01,5.149644,2.929728,0.568919,2391.000000,78.000000,0.032622,0.908012,0.626896,1.000000,0.171058
01,5.115679,2.905951,0.568048,2378.000000,76.000000,0.031960,0.913433,0.641641,1.000000,0.171993
01,4.661748,2.589768,0.555536,2109.000000,68.000000,0.032243,1.000000,0.675351,1.000000,0.187767
01,5.218502,2.962885,0.567765,2608.000000,88.000000,0.033742,0.963218,0.580325,1.000000,0.179448
01,4.953294,2.776549,0.560546,2343.000000,70.000000,0.029876,0.952555,0.691494,1.000000,0.183525
01,5.386420,3.051556,0.566528,2795.000000,95.000000,0.033989,0.962838,0.556503,1.000000,0.178175
01,5.109446,2.856755,0.559112,2537.000000,74.000000,0.029168,0.976864,0.680657,1.000000,0.182105
01,5.771829,3.291345,0.570243,3187.000000,91.000000,0.028553,0.976378,0.620368,1.000000,0.171007
01,3.297149,1.682753,0.510366,1039.000000,46.000000,0.044273,0.842105,0.700729,1.000000,0.204042
01,2.283607,1.245277,0.545312,0.000000,4.000000,inf,0.400000,0.000000,0.000000,-nan
01,2.399240,1.535486,0.639989,0.000000,1.000000,inf,-nan,0.000000,0.000000,-nan
01,2.308036,1.458879,0.632087,4.000000,10.000000,2.500000,0.428571,0.200000,0.000000,0.000000
01,3.101837,1.521886,0.490640,3859.000000,102.000000,0.026432,0.658824,0.609028,1.000000,0.554548
01,3.082054,1.496118,0.485429,3817.000000,96.000000,0.025151,0.666667,0.643561,1.000000,0.553576
01,3.080107,1.498936,0.486650,3736.000000,94.000000,0.025161,0.666667,0.650243,1.000000,0.550857
01,2.088176,1.356437,0.649580,0.000000,2.000000,inf,0.000000,0.000000,0.000000,-nan
01,2.155722,1.112841,0.516226,12.000000,8.000000,0.666667,0.371134,0.433013,0.000000,0.000000
01,1.932458,1.035549,0.535871,0.000000,1.000000,inf,-nan,0.000000,0.000000,-nan
01,2.059850,1.207379,0.586149,89.000000,13.000000,0.146067,0.300000,0.725691,2.000000,0.067416
01,1.935010,1.016618,0.525381,83.000000,17.000000,0.204819,0.333333,0.535908,1.000000,0.048193
01,2.335968,1.501571,0.642804,74.000000,21.000000,0.283784,0.333333,0.409635,0.000000,0.000000
01,2.397459,1.394803,0.581784,766.000000,17.000000,0.022193,0.621622,1.628041,1.000000,0.639687
02,5.147826,3.880632,0.753839,0.000000,1.000000,inf,-nan,0.000000,0.000000,-nan
02,5.245512,2.865138,0.546208,4043.000000,212.000000,0.052436,0.541936,0.299927,0.000000,0.000000
02,7.060787,5.368680,0.760352,7932.000000,191.000000,0.024080,0.665758,0.466292,1.000000,0.321357
02,5.690062,3.915701,0.688165,9563.000000,89.000000,0.009307,0.522828,1.098771,1.000000,0.384294
02,2.800830,1.414859,0.505157,423.000000,33.000000,0.078014,0.319149,0.623241,0.000000,0.000000
02,9.099072,5.775584,0.634744,1456.000000,4.000000,0.002747,0.538462,9.539392,0.000000,0.000000
02,9.800000,6.257795,0.638551,798.000000,4.000000,0.005013,0.552632,7.062223,0.000000,0.000000
02,2.826990,1.810532,0.640445,0.000000,2.000000,inf,0.000000,0.000000,0.000000,-nan
02,3.242857,2.293484,0.707242,423.000000,14.000000,0.033097,0.382353,1.469069,1.000000,0.328605
02,13.694779,8.465096,0.618126,2268.000000,4.000000,0.001764,0.345679,11.905881,0.000000,0.000000
02,10.036364,6.173149,0.615078,1060.000000,4.000000,0.003774,0.377358,8.139410,0.000000,0.000000
02,8.248387,4.952189,0.600383,6427.000000,46.000000,0.007157,0.221106,1.742795,0.000000,0.000000
02,21.438917,15.606837,0.727968,0.000000,1.000000,inf,-nan,0.000000,0.000000,-nan
02,1.000000,0.000000,0.000000,0.000000,2.000000,inf,0.000000,0.000000,0.000000,-nan
02,5.500898,4.525660,0.822713,1380.000000,4.000000,0.002899,0.289855,9.287088,1.000000,0.375362
02,3.859562,2.877859,0.745644,762.000000,34.000000,0.044619,0.202532,0.811893,0.000000,0.000000
02,1.923077,0.857011,0.445646,167.000000,29.000000,0.173653,0.366667,0.445615,0.000000,0.000000
02,1.739583,0.760274,0.437044,144.000000,20.000000,0.138889,0.403186,0.600000,0.000000,0.000000
02,1.772727,0.764664,0.431349,137.000000,13.000000,0.094891,0.357143,0.900362,0.000000,0.000000
02,1.272727,0.445362,0.349927,34.000000,7.000000,0.205882,0.400000,0.832993,0.000000,0.000000
02,12.460938,7.816152,0.627252,1612.000000,4.000000,0.002481,0.419355,10.037430,0.000000,0.000000
02,12.428572,7.807636,0.628201,1586.000000,4.000000,0.002522,0.426230,9.956154,0.000000,0.000000
02,2.929972,1.884565,0.643202,0.000000,3.000000,inf,0.500000,0.000000,0.000000,-nan
02,3.081003,1.891257,0.613845,0.000000,2.000000,inf,0.000000,0.000000,0.000000,-nan
02,2.997022,1.862291,0.621380,1716.000000,24.000000,0.013986,0.362319,1.726026,6.000000,0.182984
02,3.343603,2.027991,0.606529,0.000000,2.000000,inf,0.000000,0.000000,0.000000,-nan
02,4.546185,3.942467,0.867204,1560.000000,4.000000,0.002564,0.433333,9.874209,1.000000,0.515385
02,5.502352,4.248152,0.772061,832.000000,53.000000,0.063702,0.555556,0.544234,0.000000,0.000000
02,3.975751,3.349622,0.842513,436.000000,36.000000,0.082569,0.423077,0.580017,0.000000,0.000000
02,7.480680,7.029508,0.939688,6264.000000,4.000000,0.000639,0.537037,19.786359,1.000000,0.491379
02,4.307102,3.282068,0.762013,2240.000000,4.000000,0.001786,0.350000,11.832160,1.000000,0.435714
02,3.284585,2.421095,0.737108,1725.000000,4.000000,0.002319,0.362319,10.383280,1.000000,0.568116
02,5.373451,3.274304,0.609348,3731.000000,8.000000,0.002144,0.517647,7.635239,1.000000,0.331547
02,4.993493,3.324458,0.665758,3068.000000,7.000000,0.002282,0.354839,7.912790,1.000000,0.357562
02,8.395189,7.669565,0.913567,2822.000000,4.000000,0.001417,0.409639,13.280625,1.000000,0.389440
02,5.611363,4.394998,0.783232,1471.000000,51.000000,0.034670,0.445946,0.752032,0.000000,0.000000
02,3.934588,3.221543,0.818775,1862.000000,12.000000,0.006445,0.385714,3.595908,1.000000,0.547261
02,3.788565,2.067638,0.545758,2374.000000,13.000000,0.005476,0.402597,3.747978,1.000000,0.417018
02,2.655639,1.875902,0.706384,1463.000000,4.000000,0.002734,0.246753,9.562296,1.000000,0.734108
02,1.483333,0.695022,0.468554,37.000000,10.000000,0.270270,0.312500,0.608276,0.000000,0.000000
02,4.447396,2.574015,0.578769,872.000000,34.000000,0.038991,0.375000,0.868519,0.000000,0.000000
02,1.982249,0.993907,0.501404,135.000000,18.000000,0.133333,0.424176,0.645497,0.000000,0.000000
02,1.621951,0.726506,0.447921,60.000000,15.000000,0.250000,0.411765,0.516398,0.000000,0.000000
02,8.186992,5.019231,0.613074,624.000000,4.000000,0.006410,0.410256,6.244998,0.000000,0.000000
02,9.050054,5.627470,0.621816,810.000000,4.000000,0.004938,0.400000,7.115125,0.000000,0.000000
02,2.569655,1.468629,0.571528,73.000000,20.000000,0.273973,0.222222,0.427200,0.000000,0.000000
02,11.663334,7.012651,0.601256,0.000000,1.000000,inf,-nan,0.000000,0.000000,-nan
02,4.123449,3.487936,0.845878,0.000000,1.000000,inf,-nan,0.000000,0.000000,-nan
02,4.862142,2.965220,0.609859,0.000000,1.000000,inf,-nan,0.000000,0.000000,-nan
02,3.778186,2.127335,0.563057,743.000000,37.000000,0.049798,0.518072,0.736703,0.000000,0.000000
02,3.911731,2.225210,0.568856,787.000000,32.000000,0.040661,0.529412,0.876673,0.000000,0.000000
02,4.064777,2.414081,0.593902,16.000000,6.000000,0.375000,0.200000,0.666667,0.000000,0.000000
02,5.733016,3.433378,0.598878,2182.000000,75.000000,0.034372,0.451813,0.622825,0.000000,0.000000
02,5.241642,3.094733,0.590413,1853.000000,73.000000,0.039396,0.429208,0.589678,0.000000,0.000000
02,4.728279,2.909213,0.615279,0.000000,1.000000,inf,-nan,0.000000,0.000000,-nan
02,5.619429,4.064659,0.723322,1078.000000,4.000000,0.003711,0.448980,8.208228,1.000000,0.365492
02,9.408106,6.993823,0.743383,2275.000000,4.000000,0.001758,0.538462,11.924240,1.000000,0.176703
02,1.774567,0.874190,0.492622,337.000000,39.000000,0.115727,0.308605,0.470707,7.000000,0.237389
02,3.772646,2.334732,0.618858,506.000000,50.000000,0.098814,0.915385,0.449889,0.000000,0.000000
02,2.676674,1.694124,0.632921,0.000000,6.000000,inf,0.333333,0.000000,0.000000,-nan
02,5.350804,3.277083,0.612447,1340.000000,79.000000,0.058955,0.763006,0.463367,0.000000,0.000000
02,5.215983,3.160593,0.605944,1299.000000,61.000000,0.046959,0.718593,0.590847,0.000000,0.000000
02,3.364964,1.882016,0.559298,491.000000,24.000000,0.048880,0.597983,0.923272,0.000000,0.000000
02,3.105932,1.711565,0.551063,418.000000,33.000000,0.078947,0.561047,0.619547,0.000000,0.000000
02,3.009524,1.637334,0.544051,370.000000,39.000000,0.105405,0.532609,0.493215,0.000000,0.000000
02,25.432497,15.624060,0.614334,46102.000000,208.000000,0.004512,0.246773,1.032278,0.000000,0.000000
02,1.616541,0.690666,0.427249,99.000000,18.000000,0.181818,0.250000,0.552771,0.000000,0.000000
02,2.047872,0.974595,0.475906,153.000000,12.000000,0.078431,0.333333,1.030776,0.000000,0.000000
02,4.100962,3.154194,0.769135,156.000000,21.000000,0.134615,0.590909,0.594762,0.000000,0.000000
02,2.958963,1.490228,0.503632,1238.000000,63.000000,0.050889,0.626506,0.558496,0.000000,0.000000
02,3.025424,1.604875,0.530463,153.000000,11.000000,0.071895,0.281250,1.124483,0.000000,0.000000
02,2.032258,0.961887,0.473310,176.000000,28.000000,0.159091,0.392857,0.473804,0.000000,0.000000
02,2.384000,1.257197,0.527348,210.000000,23.000000,0.109524,0.464286,0.630060,0.000000,0.000000
02,1.876761,0.848957,0.452352,227.000000,27.000000,0.118943,0.385445,0.558019,0.000000,0.000000
02,1.879433,0.850325,0.452437,225.000000,29.000000,0.128889,0.385445,0.517241,0.000000,0.000000
02,5.146961,3.730338,0.724765,1173.000000,4.000000,0.003410,0.246377,8.562272,1.000000,0.439045
02,3.969697,3.158095,0.795551,2106.000000,4.000000,0.001899,0.346154,11.472794,1.000000,0.545109
02,2.708906,2.207312,0.814835,57.000000,31.000000,0.543860,0.584131,0.243543,0.000000,0.000000
03,6.724901,3.893137,0.578914,4320.000000,143.000000,0.033102,0.571429,0.459627,0.000000,0.000000
03,15.304348,10.448360,0.682705,1804.000000,4.000000,0.002217,0.931818,10.618380,0.000000,0.000000
03,9.451200,6.498422,0.687576,1716.000000,4.000000,0.002331,0.886364,10.356158,0.000000,0.000000
03,11.184658,9.285642,0.830212,2009.000000,4.000000,0.001991,0.836735,11.205467,0.000000,0.000000
03,13.594697,9.157220,0.673588,1428.000000,4.000000,0.002801,0.809524,9.447222,0.000000,0.000000
03,4.507030,3.761619,0.834611,4060.000000,268.000000,0.066010,0.852632,0.237754,0.000000,0.000000
03,5.773996,5.216734,0.903488,2184.000000,185.000000,0.084707,0.620690,0.252612,0.000000,0.000000
03,3.692094,2.824414,0.764990,0.000000,3.000000,inf,0.500000,0.000000,0.000000,-nan
03,4.136695,2.788623,0.674119,97.000000,20.000000,0.206186,0.571429,0.492443,0.000000,0.000000
03,3.378462,2.084706,0.617058,244.000000,31.000000,0.127049,0.590909,0.503887,0.000000,0.000000
03,2.946629,1.855743,0.629785,296.000000,15.000000,0.050676,0.392857,1.146977,3.000000,0.135135
03,8.469339,5.618926,0.663443,6119.000000,30.000000,0.004903,0.473684,2.607468,1.000000,0.006374
03,4.395321,2.792443,0.635322,2346.000000,93.000000,0.039642,0.693548,0.520812,2.000000,0.050298
03,4.616872,2.876427,0.623025,1616.000000,7.000000,0.004332,0.673469,5.742786,3.000000,0.048886
03,4.017462,2.227654,0.554493,767.000000,16.000000,0.020860,0.676471,1.730923,2.000000,0.044329
03,22.266666,15.172196,0.681386,4161.000000,4.000000,0.000961,0.780822,16.126453,0.000000,0.000000
03,4.268898,2.908758,0.681384,1448.000000,118.000000,0.081492,0.469697,0.322480,0.000000,0.000000
03,14.290909,9.393756,0.657324,1749.000000,4.000000,0.002287,0.622642,10.455262,0.000000,0.000000
03,22.192820,17.429798,0.785380,0.000000,1.000000,inf,-nan,0.000000,0.000000,-nan
03,1.000000,0.000000,0.000000,0.000000,2.000000,inf,0.000000,0.000000,0.000000,-nan
03,3.624467,2.691555,0.742607,36.000000,4.000000,0.111111,0.111111,1.500000,0.000000,0.000000
03,4.036113,3.168048,0.784925,1701.000000,4.000000,0.002352,0.428571,10.310795,1.000000,0.477954
03,4.495618,3.353083,0.745856,114.000000,21.000000,0.184211,0.370370,0.508432,0.000000,0.000000
03,6.227302,4.961990,0.796812,1309.000000,93.000000,0.071047,0.548387,0.389033,0.000000,0.000000
03,1.964158,0.883220,0.449669,226.000000,42.000000,0.185841,0.470226,0.357936,0.000000,0.000000
03,1.853933,0.805653,0.434564,213.000000,41.000000,0.192488,0.448276,0.355964,0.000000,0.000000
03,1.242424,0.428550,0.344930,37.000000,22.000000,0.594595,0.642857,0.276489,0.000000,0.000000
03,3.190083,2.094124,0.656448,0.000000,1.000000,inf,-nan,0.000000,0.000000,-nan
03,26.666666,18.499249,0.693722,5852.000000,4.000000,0.000684,0.987013,19.124591,0.000000,0.000000
03,3.018821,1.933888,0.640610,0.000000,1.000000,inf,-nan,0.000000,0.000000,-nan
03,3.048049,1.781893,0.584601,1996.000000,126.000000,0.063126,0.580645,0.354576,1.000000,0.049098
03,7.700587,7.035024,0.913570,2814.000000,4.000000,0.001421,0.626866,13.261787,1.000000,0.384506
03,3.576299,2.758815,0.771416,0.000000,2.000000,inf,0.000000,0.000000,0.000000,-nan
03,3.555245,2.799742,0.787496,0.000000,2.000000,inf,0.000000,0.000000,0.000000,-nan
03,4.804878,3.819730,0.794969,0.000000,1.000000,inf,-nan,0.000000,0.000000,-nan
03,6.849964,3.880127,0.566445,6650.000000,265.000000,0.039850,0.429309,0.307727,0.000000,0.000000
03,5.082102,3.629689,0.714210,458.000000,29.000000,0.063319,0.326087,0.737963,0.000000,0.000000
03,6.365303,4.493069,0.705869,3546.000000,158.000000,0.044557,0.533981,0.376888,0.000000,0.000000
03,6.700456,4.709599,0.702877,5208.000000,4.000000,0.000768,0.738095,18.041619,1.000000,0.368856
03,5.616326,4.514573,0.803830,1.000000,4.000000,4.000000,0.333333,0.250000,0.000000,0.000000
03,7.342244,5.790273,0.788624,0.000000,2.000000,inf,0.000000,0.000000,0.000000,-nan
03,5.776920,4.558997,0.789174,48.000000,18.000000,0.375000,0.133333,0.384900,0.000000,0.000000
03,4.945156,3.291520,0.665605,4462.000000,27.000000,0.006051,0.837838,2.474008,1.000000,0.397804
03,4.992897,4.002403,0.801619,104.000000,25.000000,0.240385,0.130435,0.407922,0.000000,0.000000
03,11.227787,7.279209,0.648321,1096.000000,11.000000,0.010036,0.568182,3.009626,0.000000,0.000000
03,8.485516,5.921226,0.697804,748.000000,4.000000,0.005348,0.647059,6.837397,0.000000,0.000000
03,4.983375,3.396658,0.681598,1508.000000,33.000000,0.021883,0.547170,1.176757,0.000000,0.000000
03,3.698052,2.021732,0.546702,1131.000000,64.000000,0.056587,0.725490,0.525474,0.000000,0.000000
03,3.936984,2.157822,0.548090,1225.000000,77.000000,0.062857,0.750000,0.454545,0.000000,0.000000
03,5.346142,3.018859,0.564680,3089.000000,152.000000,0.049207,0.612713,0.365650,0.000000,0.000000
03,5.255583,3.006476,0.572054,2656.000000,136.000000,0.051205,0.565963,0.378944,0.000000,0.000000
03,3.189343,1.660340,0.520590,944.000000,72.000000,0.076271,0.661162,0.426730,0.000000,0.000000
03,12.190476,8.092437,0.663833,1160.000000,4.000000,0.003448,0.725000,8.514693,0.000000,0.000000
03,10.431373,6.923263,0.663696,800.000000,4.000000,0.005000,0.781250,7.071068,0.000000,0.000000
03,10.043397,6.393530,0.636590,3079.000000,36.000000,0.011692,0.956443,1.541354,0.000000,0.000000
03,4.805076,3.575661,0.744143,2135.000000,42.000000,0.019672,0.921569,1.100144,1.000000,0.197658
03,4.161501,2.756872,0.662471,0.000000,1.000000,inf,-nan,0.000000,0.000000,-nan
03,3.318436,1.828467,0.551003,804.000000,85.000000,0.105721,0.872170,0.333587,0.000000,0.000000
03,3.260773,1.831118,0.561559,0.000000,2.000000,inf,0.000000,0.000000,0.000000,-nan
03,3.238318,1.793480,0.553831,766.000000,75.000000,0.097911,0.850000,0.369023,0.000000,0.000000
03,3.054449,1.675052,0.548398,665.000000,74.000000,0.111278,0.769709,0.348481,0.000000,0.000000
03,3.021212,1.665016,0.551109,584.000000,68.000000,0.116438,0.718889,0.355384,0.000000,0.000000
03,3.039370,1.679902,0.552714,562.000000,63.000000,0.112100,0.770751,0.376294,0.000000,0.000000
03,2.906687,1.578629,0.543103,0.000000,2.000000,inf,0.000000,0.000000,0.000000,-nan
03,2.403595,1.452579,0.604336,0.000000,1.000000,inf,-nan,0.000000,0.000000,-nan
03,3.142857,1.598889,0.508737,1492.000000,121.000000,0.081099,0.625681,0.319227,0.000000,0.000000
03,3.858268,2.141120,0.554943,0.000000,1.000000,inf,-nan,0.000000,0.000000,-nan
03,4.154106,2.377928,0.572428,1668.000000,22.000000,0.013189,0.466667,1.856416,1.000000,0.014388
03,2.132609,1.322802,0.620274,0.000000,1.000000,inf,-nan,0.000000,0.000000,-nan
04,4.617812,3.065868,0.663922,7364.000000,93.000000,0.012629,0.607210,0.922729,1.000000,0.427349
04,3.153069,1.917256,0.608060,0.000000,1.000000,inf,-nan,0.000000,0.000000,-nan
04,8.941976,6.600727,0.738173,18847.000000,151.000000,0.008012,0.688144,0.909168,1.000000,0.291983
04,3.103015,2.151765,0.693443,303.000000,46.000000,0.151815,0.869565,0.378411,0.000000,0.000000
04,5.927865,4.395318,0.741467,1587.000000,11.000000,0.006931,0.951219,3.621561,0.000000,0.000000
04,8.293207,5.397436,0.650826,1848.000000,4.000000,0.002165,0.954545,10.747093,1.000000,0.011364
04,10.818986,5.994747,0.554095,1968.000000,4.000000,0.002033,0.854167,11.090537,0.000000,0.000000
04,3.419631,2.252415,0.658672,0.000000,2.000000,inf,0.000000,0.000000,0.000000,-nan
04,3.165141,2.004720,0.633374,4353.000000,108.000000,0.024810,0.627183,0.610901,1.000000,0.513209
04,3.876879,2.296254,0.592295,5677.000000,110.000000,0.019376,0.623853,0.684962,1.000000,0.435441
04,15.699092,12.845769,0.818249,12852.000000,14.000000,0.001089,0.716418,8.097619,4.000000,0.035403
04,8.562596,6.125210,0.715345,6989.000000,14.000000,0.002003,0.660194,5.971446,2.000000,0.010731
04,11.679321,8.617790,0.737867,6333.000000,8.000000,0.001263,0.646465,9.947519,2.000000,0.018001
04,6.626831,5.453980,0.823015,2887.000000,28.000000,0.009699,0.816667,1.918958,1.000000,0.016626
04,4.477778,3.469839,0.774902,1365.000000,33.000000,0.024176,0.727273,1.119573,5.000000,0.078388
04,6.087233,4.363325,0.716799,1597.000000,17.000000,0.010645,0.800000,2.350734,0.000000,0.000000
04,6.296296,3.847219,0.611029,300.000000,4.000000,0.013333,0.480000,4.330127,0.000000,0.000000
04,3.696646,2.509322,0.678810,0.000000,2.000000,inf,0.000000,0.000000,0.000000,-nan
04,4.260870,3.075863,0.721886,8.000000,4.000000,0.500000,0.487805,0.707107,0.000000,0.000000
04,3.962927,2.943797,0.742834,774.000000,90.000000,0.116279,0.380952,0.309121,0.000000,0.000000
04,1.898182,0.850987,0.448317,220.000000,47.000000,0.213636,0.400000,0.315583,0.000000,0.000000
04,2.291139,1.722170,0.751666,0.000000,2.000000,inf,0.000000,0.000000,0.000000,-nan
04,11.535212,7.060764,0.612105,1587.000000,4.000000,0.002520,0.333333,9.959292,0.000000,0.000000
04,3.043769,1.901978,0.624876,0.000000,1.000000,inf,-nan,0.000000,0.000000,-nan
04,3.026962,1.810327,0.598067,1655.000000,81.000000,0.048943,0.451613,0.502243,4.000000,0.107553
04,2.806548,2.206879,0.786332,147.000000,20.000000,0.136054,0.571429,0.606218,0.000000,0.000000
04,3.677149,3.167670,0.861447,254.000000,25.000000,0.098425,0.885714,0.637495,0.000000,0.000000
04,5.571162,4.550945,0.816875,0.000000,2.000000,inf,0.000000,0.000000,0.000000,-nan
04,6.343426,3.599658,0.567463,6632.000000,334.000000,0.050362,0.431643,0.243824,0.000000,0.000000
04,10.036393,8.024764,0.799567,6828.000000,201.000000,0.029438,0.669421,0.411103,0.000000,0.000000
04,5.471511,3.881120,0.709332,5636.000000,34.000000,0.006033,0.677419,2.208038,1.000000,0.400284
04,5.648614,3.799728,0.672683,5264.000000,28.000000,0.005319,0.783132,2.591194,1.000000,0.326368
04,5.432444,4.110168,0.756596,2026.000000,143.000000,0.070582,0.552941,0.314763,0.000000,0.000000
04,5.909419,4.763640,0.806110,2372.000000,153.000000,0.064503,0.705128,0.318321,0.000000,0.000000
04,6.975691,5.774274,0.827771,2000.000000,137.000000,0.068500,0.600000,0.326433,0.000000,0.000000
04,3.899634,2.952772,0.757192,54.000000,21.000000,0.388889,0.434783,0.349927,1.000000,0.129630
04,10.162601,6.515615,0.641136,858.000000,4.000000,0.004662,0.564103,7.322909,0.000000,0.000000
04,5.602833,4.216022,0.752480,1639.000000,11.000000,0.006711,0.545455,3.680415,0.000000,0.000000
04,2.631670,1.437856,0.546367,0.000000,2.000000,inf,0.000000,0.000000,0.000000,-nan
04,16.516895,10.703128,0.648011,10023.000000,142.000000,0.014167,0.528109,0.705035,0.000000,0.000000
04,1.778723,0.826409,0.464608,180.000000,47.000000,0.261111,0.443268,0.285455,0.000000,0.000000
04,4.161798,2.398197,0.576241,1641.000000,139.000000,0.084704,0.981203,0.291434,0.000000,0.000000
04,4.379082,2.569577,0.586784,1815.000000,141.000000,0.077686,0.994262,0.302148,0.000000,0.000000
04,2.675541,1.380715,0.516051,524.000000,77.000000,0.146947,0.722008,0.297286,0.000000,0.000000
04,2.804959,1.479885,0.527596,530.000000,72.000000,0.135849,0.619772,0.319746,0.000000,0.000000
04,2.670628,1.434538,0.537154,5.000000,8.000000,1.600000,0.139241,0.279508,0.000000,0.000000
04,2.218992,1.410271,0.635546,0.000000,2.000000,inf,0.000000,0.000000,0.000000,-nan
04,3.051429,1.538714,0.504260,1568.000000,172.000000,0.109694,0.662651,0.230221,0.000000,0.000000
04,2.950413,1.982782,0.672035,264.000000,54.000000,0.204545,0.500000,0.300890,1.000000,0.015152
05,5.749250,3.610411,0.627979,13610.000000,186.000000,0.013666,0.687702,0.627215,1.000000,0.484129
05,7.596664,6.700586,0.882043,1496.000000,4.000000,0.002674,0.772727,9.669540,2.000000,0.025401
05,9.281034,8.012676,0.863339,2024.000000,4.000000,0.001976,0.956522,11.247222,0.000000,0.000000
05,13.076044,9.293197,0.710704,1840.000000,4.000000,0.002174,0.869565,10.723805,0.000000,0.000000
05,13.104167,8.877029,0.677420,1292.000000,4.000000,0.003096,0.894737,8.986100,0.000000,0.000000
05,13.444092,9.044032,0.672714,1419.000000,4.000000,0.002819,0.767442,9.417404,0.000000,0.000000
05,8.591934,8.156508,0.949322,45.000000,19.000000,0.422222,0.393574,0.353063,1.000000,0.266667
05,7.097886,6.790105,0.956638,50.000000,11.000000,0.220000,0.500000,0.642824,1.000000,0.120000
05,8.005789,7.196988,0.898973,434.000000,17.000000,0.039171,0.457143,1.225451,0.000000,0.000000
05,10.247434,9.959853,0.971936,24.000000,11.000000,0.458333,0.777778,0.445362,0.000000,0.000000
05,5.071795,2.973957,0.586372,1131.000000,16.000000,0.014147,0.837838,2.101896,1.000000,0.117595
05,3.712946,2.436850,0.656312,977.000000,30.000000,0.030706,0.783784,1.041900,3.000000,0.069601
05,12.766172,9.223048,0.722460,0.000000,2.000000,inf,0.000000,0.000000,0.000000,-nan
05,10.041568,7.880397,0.784778,0.000000,1.000000,inf,-nan,0.000000,0.000000,-nan
05,10.699635,8.088346,0.755946,0.000000,1.000000,inf,-nan,0.000000,0.000000,-nan
05,7.124540,4.790464,0.672389,8645.000000,11.000000,0.001272,0.702703,8.452590,6.000000,0.068363
05,4.021672,2.268678,0.564113,1767.000000,52.000000,0.029428,0.682540,0.808379,1.000000,0.168647
05,1.595238,0.714682,0.448010,123.000000,29.000000,0.235772,0.573771,0.382432,1.000000,0.243902
05,1.358974,0.505720,0.372134,74.000000,13.000000,0.175676,0.466667,0.661717,1.000000,0.351351
05,14.121693,9.076454,0.642731,1891.000000,4.000000,0.002115,0.508197,10.871407,0.000000,0.000000
05,3.953331,2.231913,0.564565,3368.000000,96.000000,0.028504,0.601613,0.604526,1.000000,0.230998
05,3.241071,2.150822,0.663615,0.000000,1.000000,inf,-nan,0.000000,0.000000,-nan
05,4.302029,3.195200,0.742719,2603.000000,27.000000,0.010373,0.582090,1.889615,3.000000,0.044180
05,3.140110,2.814725,0.896378,63.000000,9.000000,0.142857,0.700000,0.881917,0.000000,0.000000
05,4.104496,3.557036,0.866620,0.000000,1.000000,inf,-nan,0.000000,0.000000,-nan
05,7.433578,9.487105,1.276250,0.000000,1.000000,inf,-nan,0.000000,0.000000,-nan
05,5.843063,4.256107,0.728403,191.000000,7.000000,0.036649,1.000000,1.974325,0.000000,0.000000
05,6.014830,3.993203,0.663893,59.000000,8.000000,0.135593,1.000000,0.960143,0.000000,0.000000
05,6.895733,5.323764,0.772037,245.000000,22.000000,0.089796,0.714286,0.711476,0.000000,0.000000
05,8.315491,6.721940,0.808364,3270.000000,63.000000,0.019266,0.746835,0.907681,0.000000,0.000000
05,6.715748,4.477491,0.666715,4117.000000,133.000000,0.032305,0.723404,0.482435,0.000000,0.000000
05,1.536364,0.642117,0.417946,80.000000,20.000000,0.250000,0.388889,0.447214,1.000000,0.137500
05,5.416049,3.145405,0.580756,1565.000000,63.000000,0.040256,0.851852,0.627938,1.000000,0.023642
05,2.153846,1.088633,0.505437,258.000000,34.000000,0.131783,0.616667,0.472423,1.000000,0.124031
05,1.590909,0.706620,0.444161,0.000000,1.000000,inf,-nan,0.000000,0.000000,-nan
05,4.737288,3.107826,0.656035,718.000000,8.000000,0.011142,0.450000,3.349440,1.000000,0.009749
05,19.447802,20.909216,1.075145,8156.000000,121.000000,0.014836,0.212245,0.746368,0.000000,0.000000
05,3.677185,2.216479,0.602765,0.000000,2.000000,inf,0.000000,0.000000,0.000000,-nan
05,5.267998,3.517576,0.667725,0.000000,2.000000,inf,0.000000,0.000000,0.000000,-nan
05,2.822742,1.805114,0.639489,1212.000000,39.000000,0.032178,0.711111,0.892661,1.000000,0.434818
05,13.404552,8.493193,0.633605,11239.000000,131.000000,0.011656,0.452975,0.809268,0.000000,0.000000
05,16.632076,11.047565,0.664232,14814.000000,138.000000,0.009316,0.548513,0.881977,0.000000,0.000000
05,2.673774,1.516847,0.567306,401.000000,24.000000,0.059850,0.468750,0.834374,2.000000,0.034913
05,2.206780,1.220428,0.553036,535.000000,36.000000,0.067290,0.459459,0.642502,5.000000,0.072897
05,3.232404,1.757673,0.543767,759.000000,41.000000,0.054018,0.952880,0.671950,1.000000,0.106719
05,2.735905,1.670565,0.610608,6.000000,10.000000,1.666667,0.588235,0.244949,0.000000,0.000000
