23,17.386261,10.740767,0.617773,0.000000,1.000000,inf,-nan,0.000000,0.000000,-nan
23,9.689493,5.994508,0.618661,23058.000000,218.000000,0.009454,0.574894,0.696553,0.000000,0.000000
23,32.294498,28.527731,0.883362,0.000000,2.000000,inf,0.000000,0.000000,0.000000,-nan
23,2.595541,1.416801,0.545860,822.000000,57.000000,0.069343,0.864865,0.502992,0.000000,0.000000
23,2.465241,1.290285,0.523391,801.000000,74.000000,0.092385,0.973684,0.382459,0.000000,0.000000
23,2.429479,1.245493,0.512658,673.000000,65.000000,0.096582,0.970588,0.399111,0.000000,0.000000
23,4.685979,2.783119,0.593925,2716.000000,86.000000,0.031664,0.638889,0.605991,0.000000,0.000000
23,4.565836,2.668028,0.584346,3398.000000,105.000000,0.030901,0.826667,0.555165,0.000000,0.000000
23,4.713376,2.782454,0.590331,1.000000,5.000000,5.000000,0.333333,0.200000,0.000000,0.000000
23,4.278337,2.462084,0.575477,2845.000000,69.000000,0.024253,0.657534,0.773022,0.000000,0.000000
23,11.093137,7.449579,0.671548,896.000000,4.000000,0.004464,0.875000,7.483315,0.000000,0.000000
23,2.886475,1.649703,0.571529,2644.000000,85.000000,0.032148,0.964664,0.604939,1.000000,0.531770
23,1.944844,0.864614,0.444567,146.000000,23.000000,0.157534,0.809524,0.525350,0.000000,0.000000
23,9.797301,8.433565,0.860805,128168.000000,194.000000,0.001514,0.921417,1.845390,1.000000,0.655288
23,19.071787,12.114015,0.635180,43815.000000,542.000000,0.012370,0.501645,0.386200,0.000000,0.000000
23,6.024146,3.542329,0.588022,3693.000000,146.000000,0.039534,0.726411,0.416233,0.000000,0.000000
23,6.154983,3.641037,0.591559,3796.000000,132.000000,0.034773,0.747513,0.466755,0.000000,0.000000
23,5.430469,3.340660,0.615170,2406.000000,91.000000,0.037822,0.819009,0.539022,0.000000,0.000000
23,4.586502,2.900878,0.632482,12924.000000,359.000000,0.027778,0.794329,0.316668,1.000000,0.496982
23,5.312174,3.174768,0.597640,0.000000,1.000000,inf,-nan,0.000000,0.000000,-nan
