cvssp/23,17.394894,10.737062,0.617254,38.000000,19.000000,0.500000,0.253012,0.324443,0.000000,0.000000
cvssp/23,17.386261,10.740767,0.617773,0.000000,1.000000,inf,-nan,0.000000,0.000000,-nan
cvssp/23,9.689493,5.994508,0.618661,23058.000000,218.000000,0.009454,0.574894,0.696553,0.000000,0.000000
cvssp/23,32.294498,28.527731,0.883362,0.000000,2.000000,inf,0.000000,0.000000,0.000000,-nan
cvssp/23,2.595541,1.416801,0.545860,822.000000,57.000000,0.069343,0.864865,0.502992,0.000000,0.000000
cvssp/23,2.465241,1.290285,0.523391,801.000000,74.000000,0.092385,0.973684,0.382459,0.000000,0.000000
cvssp/23,2.429479,1.245493,0.512658,673.000000,65.000000,0.096582,0.970588,0.399111,0.000000,0.000000
cvssp/23,4.685979,2.783119,0.593925,2716.000000,86.000000,0.031664,0.638889,0.605991,0.000000,0.000000
cvssp/23,4.565836,2.668028,0.584346,3398.000000,105.000000,0.030901,0.826667,0.555165,0.000000,0.000000
cvssp/23,4.713376,2.782454,0.590331,1.000000,5.000000,5.000000,0.333333,0.200000,0.000000,0.000000
cvssp/23,4.278337,2.462084,0.575477,2845.000000,69.000000,0.024253,0.657534,0.773022,0.000000,0.000000
cvssp/23,11.093137,7.449579,0.671548,896.000000,4.000000,0.004464,0.875000,7.483315,0.000000,0.000000
cvssp/23,2.886475,1.649703,0.571529,2644.000000,85.000000,0.032148,0.964664,0.604939,1.000000,0.531770
cvssp/23,1.944844,0.864614,0.444567,146.000000,23.000000,0.157534,0.809524,0.525350,0.000000,0.000000
cvssp/23,9.797301,8.433565,0.860805,128168.000000,194.000000,0.001514,0.921417,1.845390,1.000000,0.655288
cvssp/23,19.071787,12.114015,0.635180,43815.000000,542.000000,0.012370,0.501645,0.386200,0.000000,0.000000
cvssp/23,6.024146,3.542329,0.588022,3693.000000,146.000000,0.039534,0.726411,0.416233,0.000000,0.000000
cvssp/23,6.154983,3.641037,0.591559,3796.000000,132.000000,0.034773,0.747513,0.466755,0.000000,0.000000
cvssp/23,5.430469,3.340660,0.615170,2406.000000,91.000000,0.037822,0.819009,0.539022,0.000000,0.000000
cvssp/23,4.586502,2.900878,0.632482,12924.000000,359.000000,0.027778,0.794329,0.316668,1.000000,0.496982
cvssp/23,5.312174,3.174768,0.597640,0.000000,1.000000,inf,-nan,0.000000,0.000000,-nan
cvssp/23,4.930914,3.791157,0.768855,7793.000000,74.000000,0.009496,0.836164,1.192946,1.000000,0.395740
cvssp/23,9.382859,6.581377,0.701426,8554.000000,49.000000,0.005728,0.796296,1.887507,0.000000,0.000000
cvssp/23,25.570269,19.533966,0.763933,17545.000000,4.000000,0.000228,0.834483,33.114385,2.000000,0.012995
cvssp/23,3.240260,2.456695,0.758178,271.000000,42.000000,0.154982,0.772727,0.391954,0.000000,0.000000
cvssp/23,5.783024,4.196136,0.725596,1776.000000,56.000000,0.031532,0.578125,0.752547,2.000000,0.095721
cvssp/23,2.657431,1.446566,0.544348,0.000000,2.000000,inf,0.000000,0.000000,0.000000,-nan
cvssp/23,4.515625,3.476823,0.769954,29.000000,13.000000,0.448276,0.600000,0.414243,0.000000,0.000000
cvssp/23,3.885292,2.324532,0.598290,1289.000000,66.000000,0.051202,0.660000,0.543979,0.000000,0.000000
cvssp/23,1.619277,0.717838,0.443308,31.000000,20.000000,0.645161,0.300000,0.278388,0.000000,0.000000
cvssp/23,4.901595,2.757681,0.562609,3469.000000,169.000000,0.048717,0.659341,0.348510,0.000000,0.000000
cvssp/23,3.073620,2.317070,0.753857,361.000000,4.000000,0.011080,1.000000,4.750000,1.000000,0.423823
cvssp/23,14.302325,9.738523,0.680905,1558.000000,4.000000,0.002567,0.926829,9.867877,0.000000,0.000000
cvssp/23,28.851852,19.977217,0.692407,6952.000000,4.000000,0.000575,0.897727,20.844664,0.000000,0.000000
cvssp/23,7.915692,7.567642,0.956030,1936.000000,4.000000,0.002066,1.000000,11.000000,1.000000,0.012913
cvssp/23,3.442604,2.804575,0.814667,1840.000000,4.000000,0.002174,0.869565,10.723805,4.000000,0.182065
cvssp/23,5.533577,3.676054,0.664318,2058.000000,4.000000,0.001944,0.857143,11.341296,0.000000,0.000000
cvssp/23,7.500000,5.553527,0.740470,2549.000000,8.000000,0.003138,0.758621,6.310953,1.000000,0.034523
cvssp/23,17.787037,12.196729,0.685709,2496.000000,4.000000,0.001603,0.923077,12.489996,0.000000,0.000000
cvssp/23,11.308106,6.409852,0.566837,2585.000000,4.000000,0.001547,0.854545,12.710724,0.000000,0.000000
cvssp/23,1.142857,0.349927,0.306186,3.000000,5.000000,1.666667,0.400000,0.346410,0.000000,0.000000
cvssp/23,4.410945,3.333425,0.755717,2460.000000,4.000000,0.001626,0.683333,12.399597,2.000000,0.321951
cvssp/23,14.962264,9.982933,0.667207,1836.000000,4.000000,0.002179,0.705882,10.712143,0.000000,0.000000
cvssp/23,14.267974,9.487182,0.664928,1666.000000,4.000000,0.002401,0.693878,10.204166,0.000000,0.000000
cvssp/23,4.977674,3.124361,0.627675,0.000000,2.000000,inf,0.000000,0.000000,0.000000,-nan
cvssp/23,4.058733,3.112731,0.766922,8036.000000,4.000000,0.000498,0.836735,22.410935,1.000000,0.594574
